               -516.3570521930
          0.000002073       0.000001077      -0.000000153
          0.000001077       0.000003317       0.000000088
         -0.000000154       0.000000089      -0.000002572
           7
  1    25       0.000367885      -0.000212427      -0.001088485  Mn.1
  1    25      -0.000444898       0.000256915       0.000146808  Mn.1
  2     6      -0.000161910       0.000093504       0.000539844  C.2
  3     8       0.000334536      -0.000193108       0.000530581  O.3
  3     8      -0.000091042       0.000052584      -0.000795369  O.3
  4     1      -0.000067075       0.000038736       0.000401636  H.4
  4     1       0.000063091      -0.000036431       0.000952017  H.4
