    24
     1   -0.364773   -0.211236   -0.000083       0.027778
     2   -0.182387   -0.105618   -0.000041       0.027778
     3    0.000000    0.000000    0.000000       0.027778
     4    0.182387    0.105618    0.000041       0.027778
     5    0.364773    0.211236    0.000083       0.027778
     6    0.547160    0.316854    0.000124       0.027778
     7   -0.364498   -0.000476   -0.000124       0.055556
     8   -0.182112    0.105142   -0.000083       0.055556
     9    0.000275    0.210760   -0.000041       0.055556
    10    0.182661    0.316379    0.000000       0.055556
    11    0.365048    0.421997    0.000041       0.055556
    12    0.547434    0.527615    0.000083       0.055556
    13   -0.364224    0.210285   -0.000165       0.055556
    14   -0.181837    0.315903   -0.000124       0.055556
    15    0.000549    0.421521   -0.000083       0.055556
    16    0.182936    0.527139   -0.000041       0.055556
    17    0.365322    0.632757    0.000000       0.055556
    18    0.547709    0.738375    0.000041       0.055556
    19   -0.363949    0.421045   -0.000207       0.027778
    20   -0.181562    0.526663   -0.000165       0.027778
    21    0.000824    0.632281   -0.000124       0.027778
    22    0.183211    0.737899   -0.000083       0.027778
    23    0.365597    0.843518   -0.000041       0.027778
    24    0.547984    0.949136    0.000000       0.027778
